Force=[0 1650 3400 5200 6850 7750 8650 9300 10100 10400]
Area= 0.2525^2*pi

lengths = [[[2:0.002:2.010]'; [2.02:0.02:2.08]'; 2.120]




